0 16
0 6
0 36
0 48
0 2
1 18
1 65
2 68
3 17
3 23
4 43
5 49
6 57
6 7
6 0
6 2
6 31
7 37
7 4
7 35
8 59
8 48
9 57
9 22
9 32
9 37
10 28
11 3
11 69
12 20
13 58
14 6
16 63
16 32
18 67
18 9
19 36
21 23
22 44
22 18
23 21
23 43
24 46
25 4
25 26
25 58
26 54
27 20
28 22
29 52
30 3
31 33
33 18
33 44
34 13
34 54
37 66
37 68
39 61
39 41
39 35
40 57
41 54
42 67
42 30
42 8
44 68
45 44
46 12
48 4
49 32
49 70
50 46
50 36
50 43
51 59
51 37
52 63
54 11
54 64
55 46
55 35
56 33
56 57
57 27
58 7
59 47
60 65
60 37
62 21
64 10
68 7
68 56
68 60
68 0
70 57
71 35
72 65
72 64
72 26
